             NaN   5.4746227e+01   1.0459192e+02   1.4912376e+02   1.9348628e+02   2.1935014e+02   2.6221259e+02   2.4537830e+02   2.4913426e+02   2.4651025e+02   2.4729614e+02   2.3874966e+02   2.4013028e+02   2.6879495e+02   2.8477148e+02   2.6704965e+02   2.7625833e+02   3.1142728e+02   3.1217499e+02   3.0094843e+02   2.9570181e+02   5.4435559e+02
   4.6151394e+01             NaN   1.0027317e+02   1.4362154e+02   1.9215494e+02   2.0737576e+02   2.5941864e+02   2.4278191e+02   2.4222630e+02   2.3780846e+02   2.4444121e+02   2.3269868e+02   2.3171710e+02   2.5993674e+02   2.8349341e+02   2.5699310e+02   2.6373566e+02   3.1555554e+02   3.1631967e+02   2.9940518e+02   2.8805655e+02   5.4594330e+02
   1.5768494e+02   1.5412535e+02             NaN   6.0524132e+01   1.3185135e+02   1.8842503e+02   2.2308238e+02   1.9942232e+02   2.1048511e+02   2.0079370e+02   2.0178900e+02   1.9240952e+02   1.9989331e+02   2.4116995e+02   2.5646481e+02   2.2104941e+02   2.5010439e+02   2.9532590e+02   2.9572601e+02   2.7253006e+02   2.5555363e+02   4.1222372e+02
   1.9362645e+02   1.7889748e+02   9.0493347e+01             NaN   1.0246304e+02   1.9333194e+02   2.1409525e+02   1.7560838e+02   2.0935669e+02   2.0127075e+02   1.9038353e+02   1.7766373e+02   1.9160379e+02   2.2271130e+02   2.3842599e+02   2.0742908e+02   2.4670801e+02   2.8467938e+02   2.8443594e+02   2.6376016e+02   2.3797546e+02   3.3129999e+02
   2.6372183e+02   2.5730197e+02   1.9444296e+02   8.4013527e+01             NaN   1.8367178e+02   1.9451450e+02   1.5461751e+02   2.0951874e+02   2.0185481e+02   1.9061359e+02   1.7840907e+02   1.9861919e+02   2.1555684e+02   2.2609633e+02   2.1009589e+02   2.2910071e+02   2.6999197e+02   2.6861560e+02   2.5384137e+02   2.4479720e+02   3.0391666e+02
   1.6813623e+02   1.5547168e+02   1.7333646e+02   1.8050911e+02   1.6735083e+02             NaN   1.4117155e+02   1.8255930e+02   2.6283746e+02   2.5562054e+02   2.5724380e+02   2.4234282e+02   2.4625682e+02   2.8050452e+02   2.8561618e+02   2.6591635e+02   2.8305383e+02   2.9517648e+02   2.8977499e+02   2.9132144e+02   2.8945599e+02   5.2266351e+02
   1.4365141e+02   1.4544366e+02   1.6241649e+02   1.9299742e+02   1.9475865e+02   7.4095589e+01             NaN   2.0247804e+02   2.6642496e+02   2.6060281e+02   2.6602652e+02   2.6615356e+02   2.6500137e+02   2.9594641e+02   3.0082834e+02   2.7858875e+02   2.8276163e+02   2.9612500e+02   2.9078125e+02   3.0170193e+02   2.9337805e+02   6.1176538e+02
   1.7955293e+02   1.8609830e+02   1.9845120e+02   2.1980614e+02   2.0693260e+02   1.1317004e+02   8.1415207e+01             NaN   1.7970026e+02   1.8430185e+02   2.8167999e+02   2.6606891e+02   2.7009195e+02   2.9619269e+02   2.9266098e+02   2.9630603e+02   2.6104166e+02   3.1840909e+02   3.1820001e+02   3.0641177e+02   3.1019644e+02   5.8110529e+02
   3.1528278e+02   3.1044287e+02   2.8580154e+02   3.0287659e+02   2.5342641e+02   2.2630167e+02   2.2327672e+02   1.8279633e+02             NaN   9.3751762e+01   1.3961591e+02   1.3047388e+02   1.5573277e+02   2.1728819e+02   2.1017969e+02   1.8645238e+02   2.2433466e+02   2.4357896e+02   2.4450597e+02   2.2309512e+02   2.2309755e+02   3.0561194e+02
   2.4824272e+02   2.4835863e+02   2.4233781e+02   2.6330405e+02   2.3227486e+02   1.7866179e+02   1.5668652e+02   1.3116245e+02   8.0258339e+01             NaN   1.2443654e+02   1.4833113e+02   1.8814525e+02   2.1842894e+02   2.1397386e+02   1.9544955e+02   2.0999808e+02   1.9666747e+02   1.9550504e+02   1.7910564e+02   1.7553926e+02   3.0969891e+02
   4.8625253e+02   4.9058917e+02   3.8138718e+02   4.7644638e+02   4.0367050e+02   2.7147501e+02   2.6030789e+02   2.4818750e+02   1.9913451e+02   1.9813245e+02             NaN   8.8483017e+01   1.1520596e+02   1.8808444e+02   1.7931064e+02   8.5793137e+01   1.4886569e+02   1.5955511e+02   1.5835396e+02   1.4829587e+02   1.2591888e+02   2.6434390e+02
   5.7304773e+02   5.5325500e+02   5.4397974e+02   5.2614471e+02   4.3963467e+02   4.0884802e+02   3.0064001e+02   3.5257257e+02   2.4395493e+02   2.4772093e+02   1.7098883e+02             NaN   4.0406158e+01   1.4915656e+02   1.5053535e+02   1.3172769e+02   1.7918457e+02   2.3763908e+02   2.3541023e+02   1.8270868e+02   2.0472508e+02   2.7735974e+02
   5.9383740e+02   5.4664764e+02   5.3843500e+02   5.3587531e+02   4.8515625e+02   4.2303400e+02   3.6930545e+02   4.0344479e+02   2.6647437e+02   2.8479669e+02   2.0841371e+02   4.1417603e+01             NaN   1.2144164e+02   1.3867697e+02   1.8620361e+02   2.0850000e+02   2.6199512e+02   2.6260828e+02   1.9277800e+02   2.2598955e+02   2.8104016e+02
   6.6158887e+02   6.6614581e+02   5.6964618e+02   6.3536902e+02   5.3672443e+02   4.9416724e+02   4.7339801e+02   5.4876819e+02   2.9089584e+02   3.0625000e+02   2.4066969e+02   1.1955215e+02   9.4045128e+01             NaN   7.5268074e+01   2.1817982e+02   3.3113837e+02   3.0241891e+02   3.0488635e+02   2.6289655e+02   2.7780435e+02   2.6813190e+02
   7.5111517e+02   7.3509998e+02   6.1577563e+02   6.9905164e+02   6.4942059e+02   5.0175836e+02   5.1279327e+02   5.3013251e+02   3.4376865e+02   3.6959189e+02   2.2636757e+02   1.6421777e+02   1.1985218e+02   1.1065223e+02             NaN   2.2037833e+02   3.5564487e+02   2.8402173e+02   2.7805356e+02   2.3967064e+02   2.4074608e+02   2.6473788e+02
   4.1033392e+02   4.0066519e+02   3.3457242e+02   4.0801645e+02   3.0030554e+02   2.4831606e+02   2.2831793e+02   2.5045744e+02   1.9627777e+02   1.6725449e+02   7.2760887e+01   1.4036235e+02   1.6501060e+02   2.2404897e+02   2.1322346e+02             NaN   1.4982198e+02   1.8806099e+02   1.8655641e+02   1.3949159e+02   1.3525835e+02   2.6877887e+02
   5.6216187e+02   5.1144473e+02   4.4547516e+02   5.4245898e+02   4.2727905e+02   2.8456522e+02   2.5555634e+02   4.1249768e+02   3.5795544e+02   3.1594000e+02   1.3811790e+02   1.5187161e+02   2.4555432e+02   2.0471713e+02   2.1222833e+02   1.0666338e+02             NaN   1.5211009e+02   1.4867708e+02   1.1453949e+02   1.2598303e+02   2.9127914e+02
   9.5558301e+02   8.8755664e+02   8.5136566e+02   9.0708441e+02   7.8246692e+02   4.7007205e+02   2.7757144e+02   8.0694293e+02   4.5332962e+02   3.6168100e+02   2.3364406e+02   2.9691177e+02   2.8037894e+02   2.8398251e+02   2.8928485e+02   1.9850557e+02   1.7090508e+02             NaN   1.1766820e+02   1.8586121e+02   1.9922519e+02   2.8955823e+02
   9.6985522e+02   8.9165955e+02   8.9767438e+02   8.9618463e+02   8.1683051e+02   4.9896002e+02   2.7470001e+02   8.0230621e+02   4.0736530e+02   2.6779999e+02   2.3659937e+02   2.8657574e+02   2.8054443e+02   2.9723822e+02   2.9718137e+02   2.0179559e+02   1.7577521e+02   5.0248440e+01             NaN   1.9141833e+02   2.0315140e+02   2.9183490e+02
   7.0273914e+02   6.9535083e+02   6.4509021e+02   6.9141534e+02   6.5171576e+02   3.0457693e+02   2.8933823e+02   5.4496741e+02   2.6072726e+02   2.4562308e+02   2.1533270e+02   2.8017130e+02   2.6699683e+02   2.3313452e+02   2.4887897e+02   1.8117346e+02   1.5081683e+02   8.4918915e+01   8.0602753e+01             NaN   6.5803017e+01   2.8073959e+02
   7.7881036e+02   7.9574579e+02   6.0556891e+02   6.5995917e+02   5.9439648e+02   3.8229138e+02   4.4699557e+02   5.7457587e+02   4.0994745e+02   3.2038144e+02   2.3062155e+02   3.0717368e+02   2.7346060e+02   2.2081171e+02   2.3958253e+02   1.8946271e+02   1.8345583e+02   9.7976067e+01   9.1646393e+01   5.5509556e+01             NaN   2.7208313e+02
   1.2916011e+03   1.3632260e+03   1.3681989e+03   1.2715819e+03   1.3050040e+03   1.0472108e+03   1.0661497e+03   1.1030110e+03   9.5031866e+02   1.0303307e+03   5.3061505e+02   8.1770874e+02   7.7327441e+02   4.7320087e+02   4.9276031e+02   5.3101031e+02   4.4487415e+02   3.0372812e+02   2.9856372e+02   2.7264972e+02   2.5881470e+02             NaN
